0.165433 0.121039 0.0307209 0.00359857 0.000191308 
0.167838 0.127891 0.0351698 0.00487216 0.000241201 
0.170225 0.13495 0.040093 0.00649778 0.000336642 
0.172593 0.142212 0.0455191 0.00854611 0.000510056 
0.174941 0.14967 0.0514754 0.0110965 0.000808093 
0.177266 0.157315 0.0579883 0.014237 0.00129539 
0.179568 0.165141 0.0650823 0.0180642 0.0020587 
0.181844 0.173138 0.0727802 0.0226832 0.00321139 
0.184094 0.181295 0.0811022 0.0282065 0.00489802 
0.186315 0.189602 0.0900659 0.0347536 0.00729897 
0.188506 0.198047 0.0996856 0.0424497 0.0106348 
0.190665 0.206618 0.109972 0.0514245 0.0151702 
0.192791 0.2153 0.120933 0.0618099 0.021217 
0.194883 0.224079 0.13257 0.0737391 0.0291365 
0.196938 0.23294 0.144881 0.0873432 0.0393399 
0.198956 0.241868 0.157861 0.10275 0.0522874 
0.200934 0.250845 0.171496 0.120079 0.0684852 
0.202872 0.259855 0.18577 0.139441 0.0884807 
0.204768 0.26888 0.200659 0.160936 0.112854 
0.206621 0.277901 0.216135 0.184645 0.14221 
0.208428 0.286899 0.232163 0.210633 0.177163 
0.21019 0.295856 0.248703 0.238941 0.218322 
0.211903 0.304751 0.265709 0.269586 0.266277 
0.213568 0.313565 0.283128 0.302558 0.321575 
0.215183 0.322276 0.300904 0.337817 0.384702 
0.216747 0.330866 0.318973 0.375292 0.456061 
0.218258 0.339313 0.337268 0.414876 0.535948 
0.219715 0.347597 0.355715 0.45643 0.624535 
0.221118 0.355697 0.374239 0.499779 0.721842 
0.222465 0.363594 0.392758 0.544713 0.827727 
0.223754 0.371267 0.411188 0.590987 0.941865 
0.224986 0.378696 0.429442 0.638325 1.06374 
0.226158 0.385863 0.447433 0.686417 1.19263 
0.227271 0.392748 0.465069 0.734928 1.32762 
0.228323 0.399332 0.48226 0.783497 1.4676 
0.229313 0.405599 0.498915 0.831742 1.61124 
0.230241 0.411531 0.514944 0.879266 1.75709 
0.231106 0.417112 0.530258 0.92566 1.90349 
0.231907 0.422326 0.544772 0.970511 2.0487 
0.232644 0.42716 0.558403 1.0134 2.19086 
0.233315 0.431599 0.571071 1.05393 2.32807 
0.233921 0.435631 0.582702 1.0917 2.45841 
0.234461 0.439244 0.593226 1.12634 2.57998 
0.234934 0.442429 0.602581 1.15749 2.69096 
0.23534 0.445176 0.610709 1.18483 2.78963 
0.23568 0.447478 0.617561 1.20807 2.87444 
0.235951 0.449327 0.623094 1.22697 2.94402 
0.236155 0.450718 0.627275 1.24133 2.99724 
0.236291 0.451648 0.630076 1.25099 3.03322 
0.236359 0.452114 0.631482 1.25584 3.05137 
0.236359 0.452114 0.631482 1.25584 3.05137 
0.236291 0.451648 0.630076 1.25099 3.03322 
0.236155 0.450718 0.627275 1.24133 2.99724 
0.235951 0.449327 0.623094 1.22697 2.94402 
0.23568 0.447478 0.617561 1.20807 2.87444 
0.23534 0.445176 0.610709 1.18483 2.78963 
0.234934 0.442429 0.602581 1.15749 2.69096 
0.234461 0.439244 0.593226 1.12634 2.57998 
0.233921 0.435631 0.582702 1.0917 2.45841 
0.233315 0.431599 0.571071 1.05393 2.32807 
0.232644 0.42716 0.558403 1.0134 2.19086 
0.231907 0.422326 0.544772 0.970511 2.0487 
0.231106 0.417112 0.530258 0.92566 1.90349 
0.230241 0.411531 0.514944 0.879266 1.75709 
0.229313 0.405599 0.498915 0.831742 1.61124 
0.228323 0.399332 0.48226 0.783497 1.4676 
0.227271 0.392748 0.465069 0.734928 1.32762 
0.226158 0.385863 0.447433 0.686417 1.19263 
0.224986 0.378696 0.429442 0.638325 1.06374 
0.223754 0.371267 0.411188 0.590987 0.941865 
0.222465 0.363594 0.392758 0.544713 0.827727 
0.221118 0.355697 0.374239 0.499779 0.721842 
0.219715 0.347597 0.355715 0.45643 0.624535 
0.218258 0.339313 0.337268 0.414876 0.535948 
0.216747 0.330866 0.318973 0.375292 0.456061 
0.215183 0.322276 0.300904 0.337817 0.384702 
0.213568 0.313565 0.283128 0.302558 0.321575 
0.211903 0.304751 0.265709 0.269586 0.266277 
0.21019 0.295856 0.248703 0.238941 0.218322 
0.208428 0.286899 0.232163 0.210633 0.177163 
0.206621 0.277901 0.216135 0.184645 0.14221 
0.204768 0.26888 0.200659 0.160936 0.112854 
0.202872 0.259855 0.18577 0.139441 0.0884807 
0.200934 0.250845 0.171496 0.120079 0.0684852 
0.198956 0.241868 0.157861 0.10275 0.0522874 
0.196938 0.23294 0.144881 0.0873432 0.0393399 
0.194883 0.224079 0.13257 0.0737391 0.0291365 
0.192791 0.2153 0.120933 0.0618099 0.021217 
0.190665 0.206618 0.109972 0.0514245 0.0151702 
0.188506 0.198047 0.0996856 0.0424497 0.0106348 
0.186315 0.189602 0.0900659 0.0347536 0.00729897 
0.184094 0.181295 0.0811022 0.0282065 0.00489802 
0.181844 0.173138 0.0727802 0.0226832 0.00321139 
0.179568 0.165141 0.0650823 0.0180642 0.0020587 
0.177266 0.157315 0.0579883 0.014237 0.00129539 
0.174941 0.14967 0.0514754 0.0110965 0.000808093 
0.172593 0.142212 0.0455191 0.00854611 0.000510056 
0.170225 0.13495 0.040093 0.00649778 0.000336642 
0.167838 0.127891 0.0351698 0.00487216 0.000241201 
0.165433 0.121039 0.0307209 0.00359857 0.000191308 
